0 6 64
0 36 79
0 99 50
0 118 74
0 188 36
0 218 61
0 233 53
0 246 76
0 263 25
0 271 29
0 280 80
0 294 12
1 17 4
1 19 44
1 29 22
1 72 45
1 142 9
1 247 30
2 178 74
2 232 30
3 30 6
3 131 26
3 179 9
3 296 63
4 78 43
4 126 100
4 210 37
4 299 75
5 7 31
5 16 98
5 17 28
5 87 32
5 88 15
5 89 101
5 99 42
5 255 93
6 90 16
6 96 57
6 154 42
6 262 52
7 49 38
7 181 53
7 192 80
7 205 62
8 54 96
8 79 90
8 129 33
8 203 15
8 206 66
8 268 97
9 85 31
9 121 94
9 145 31
9 212 65
10 49 54
10 72 90
10 75 58
10 123 30
10 165 7
10 167 47
10 170 47
10 215 80
10 230 101
10 254 11
10 275 70
11 72 14
11 134 54
11 180 71
11 191 21
11 215 44
11 243 95
12 181 85
12 193 61
12 203 85
12 291 9
13 60 49
13 86 61
13 92 66
13 109 57
13 141 13
13 143 62
13 233 34
13 244 16
13 250 17
13 280 34
14 21 76
14 57 94
14 100 5
14 154 8
14 167 61
14 199 29
14 208 67
14 237 37
15 80 59
15 93 5
15 104 13
15 164 91
15 208 63
15 210 23
15 236 100
16 99 99
16 236 73
16 254 101
16 292 72
17 50 35
17 77 43
17 83 29
17 119 54
17 187 32
17 230 61
18 28 13
18 56 56
18 68 27
18 150 88
19 57 75
19 105 72
19 110 38
19 115 21
19 131 19
19 154 76
19 170 51
19 220 25
19 261 15
19 267 64
19 281 23
20 50 73
20 63 65
20 96 7
20 124 2
20 171 16
20 184 4
20 214 36
20 236 60
20 298 13
21 91 76
21 98 54
21 116 45
21 130 19
21 155 52
21 157 52
21 174 24
21 203 72
21 231 19
21 254 22
21 275 61
22 24 57
22 64 14
22 90 48
22 157 99
22 205 84
22 286 98
23 25 25
23 36 40
23 59 37
23 96 14
23 148 74
23 162 75
23 188 65
23 194 12
23 234 58
23 261 47
24 47 67
24 108 54
24 115 36
24 157 96
24 161 25
24 164 50
24 171 35
24 172 72
24 184 81
24 285 34
25 34 16
25 65 33
25 89 16
25 119 19
25 167 79
25 176 100
25 249 4
25 269 89
26 126 51
26 179 81
26 251 46
26 265 91
26 283 72
27 36 20
27 75 31
27 81 90
27 94 17
27 124 16
27 157 11
27 160 5
27 172 79
27 255 59
28 33 66
28 34 4
28 51 51
28 63 71
28 71 36
28 100 96
28 142 74
28 195 72
28 222 17
28 262 6
28 271 14
28 288 79
28 298 83
29 39 55
29 52 70
29 55 5
29 115 20
29 175 17
29 234 26
29 255 63
29 295 9
29 296 1
30 43 79
30 95 9
30 152 72
30 156 100
30 219 28
31 59 29
31 70 37
31 74 21
31 102 48
31 244 50
31 269 80
31 272 68
31 280 73
31 292 39
32 59 68
32 132 47
32 161 25
32 179 21
32 210 36
32 222 80
32 226 79
32 227 4
32 262 46
32 269 71
33 50 28
33 176 88
33 180 41
33 195 88
33 252 74
33 261 22
34 70 14
34 75 75
34 83 93
34 118 97
34 120 73
34 147 68
34 228 18
34 239 31
35 68 66
35 150 57
35 166 89
36 37 96
36 202 65
36 237 58
36 243 93
37 76 52
37 91 50
37 132 59
37 166 28
37 200 100
37 246 28
37 269 56
37 296 27
38 125 99
38 143 74
38 236 67
38 245 28
38 295 2
39 43 60
39 83 31
39 143 48
39 151 19
39 276 99
40 50 78
40 72 100
40 154 13
40 158 15
40 225 45
41 236 99
42 96 38
42 98 80
42 138 12
42 203 5
42 262 9
42 284 25
43 187 9
43 189 30
43 227 31
43 242 18
43 275 75
43 279 73
43 292 24
44 117 51
44 118 18
44 196 40
44 256 10
44 264 83
45 70 21
45 86 91
45 101 72
45 116 69
45 120 95
45 126 101
45 133 75
45 159 22
45 170 29
45 179 64
45 192 13
45 252 91
46 177 45
46 179 18
46 273 87
46 276 35
47 113 99
47 131 42
47 196 72
47 219 97
48 52 88
48 118 8
48 123 32
48 185 39
48 200 91
48 237 37
48 262 92
48 282 4
49 161 96
49 163 100
49 277 57
50 103 5
50 219 37
50 283 91
51 62 83
51 92 79
51 104 71
51 181 70
51 184 81
51 212 62
51 227 51
51 246 59
51 250 72
51 277 99
51 287 90
52 159 20
52 288 93
53 153 9
53 187 23
53 192 73
53 222 81
53 229 98
53 248 100
53 275 68
54 117 25
54 138 51
54 159 86
54 220 9
54 240 27
55 72 24
55 121 79
55 156 97
55 172 68
55 241 28
55 296 26
56 134 101
56 138 99
56 161 64
56 163 51
56 190 69
56 244 58
56 280 47
56 282 31
57 71 48
57 153 73
57 161 58
57 165 75
57 254 41
57 260 57
57 263 101
58 81 45
58 89 98
58 91 46
58 94 83
58 175 88
58 217 65
58 220 18
58 241 32
59 97 7
59 152 73
59 161 15
59 162 14
59 177 64
59 274 76
59 281 77
60 138 53
60 156 43
60 278 71
60 293 78
61 103 35
61 108 75
61 148 39
61 153 58
61 161 8
61 178 17
61 239 6
62 66 85
62 118 80
62 120 74
62 140 91
62 151 64
62 177 97
62 209 40
62 231 61
63 73 20
63 122 80
63 154 20
63 159 94
63 164 12
63 194 50
63 222 38
64 79 14
64 137 49
64 166 54
64 278 59
65 93 66
65 129 41
65 169 72
65 181 84
65 221 89
66 81 98
66 199 88
66 208 95
66 283 53
67 184 39
67 230 63
68 113 2
68 126 78
68 163 4
68 223 83
69 77 70
69 88 35
69 95 28
70 81 74
70 94 63
70 98 13
70 161 50
70 205 100
70 234 75
70 256 46
70 263 65
70 275 25
71 91 2
71 157 58
72 87 40
72 153 101
72 283 18
73 105 82
73 113 55
73 166 25
73 190 50
73 281 63
74 114 56
74 122 99
74 214 38
74 217 24
75 95 58
75 104 48
75 113 1
75 133 3
75 145 26
75 220 86
76 131 62
77 95 6
77 122 99
77 217 54
78 157 11
78 165 72
78 259 87
78 286 96
79 119 89
79 129 47
79 149 57
79 168 75
79 222 94
79 264 69
79 294 10
79 296 34
79 297 79
80 90 64
80 113 73
80 130 55
80 142 58
80 190 68
80 232 29
81 85 34
81 94 58
81 103 73
81 120 45
81 135 27
81 136 59
82 105 92
82 134 89
82 157 99
82 164 18
82 205 30
82 216 80
82 244 6
82 283 8
83 99 98
83 148 27
83 168 85
83 207 85
83 276 10
84 121 97
84 175 68
84 227 42
84 252 25
85 199 42
85 200 65
85 241 16
85 278 40
85 299 48
86 136 95
86 193 83
86 203 9
86 220 12
86 233 90
86 251 47
86 266 52
86 281 12
86 296 16
87 135 61
87 170 74
87 201 73
88 248 26
88 259 9
88 299 63
89 100 10
89 114 12
89 127 10
89 136 51
89 291 75
90 91 55
90 223 37
91 121 78
91 191 83
91 244 73
91 247 60
92 110 52
92 161 16
92 194 4
92 205 78
92 210 88
92 245 53
93 97 51
93 115 9
93 217 42
93 219 43
94 263 64
94 275 46
94 286 85
94 293 78
95 101 78
95 127 8
95 136 7
95 164 45
95 183 9
96 112 70
96 181 65
96 200 27
97 101 53
97 109 6
97 186 51
98 152 6
98 190 68
98 230 90
98 285 17
98 292 62
99 116 38
99 164 81
100 159 43
100 191 54
100 286 63
101 129 57
102 243 20
103 146 66
103 189 53
103 283 53
104 224 37
104 239 85
104 246 29
104 257 33
105 207 48
106 154 22
106 290 29
107 224 101
107 229 92
107 266 36
107 279 99
108 112 16
108 203 12
108 206 95
108 213 53
108 285 96
109 129 96
109 158 83
109 267 18
109 294 34
110 149 57
110 153 98
110 168 44
110 208 69
110 228 24
110 261 75
110 262 23
111 158 101
111 197 57
111 201 8
112 114 52
112 124 8
112 202 55
112 206 10
112 211 98
112 263 55
113 192 12
114 145 48
114 152 21
114 217 60
114 254 68
115 120 29
115 135 42
115 137 8
115 193 73
115 260 55
115 283 70
116 118 52
116 149 46
116 191 97
116 199 45
116 206 60
116 251 87
116 262 60
117 212 44
117 216 16
117 223 70
117 226 36
117 253 84
117 262 89
117 278 47
117 281 86
117 283 52
118 136 57
118 175 8
118 290 24
119 120 34
119 121 48
119 179 87
119 241 60
120 128 70
120 284 91
120 291 91
120 299 35
121 122 71
121 151 67
121 243 52
121 277 97
122 129 77
122 131 74
122 146 100
122 194 6
122 239 42
122 243 7
122 295 24
123 202 88
123 238 17
123 296 80
123 298 93
124 233 5
125 128 91
125 153 92
125 161 40
125 201 41
125 230 3
125 258 49
126 166 58
126 294 58
127 133 65
127 141 16
127 279 91
127 299 85
128 193 92
129 244 34
130 132 48
130 185 6
130 230 64
130 294 48
131 142 99
131 210 98
131 261 10
132 172 56
132 213 39
132 254 41
132 282 41
133 226 70
133 253 60
134 138 90
134 179 70
134 256 31
134 277 62
135 144 47
135 152 28
135 159 57
135 189 55
135 212 96
135 270 26
135 274 1
135 296 31
136 170 4
136 194 86
136 202 38
136 262 32
137 141 63
137 147 23
137 207 28
137 284 45
138 150 32
138 194 33
138 242 89
139 220 72
139 283 79
140 151 42
140 156 32
140 287 29
140 294 95
141 151 54
141 168 66
141 213 40
142 170 99
142 178 96
142 271 58
143 158 42
143 212 60
143 231 55
143 254 11
144 177 52
144 220 90
144 230 13
144 239 97
144 269 94
145 156 55
145 202 72
146 169 17
146 217 48
147 151 62
147 194 42
147 196 31
147 199 63
147 259 64
147 270 24
147 281 92
147 298 34
148 167 24
148 179 60
148 292 42
149 166 51
149 231 8
150 160 17
150 177 56
150 200 88
150 219 69
150 292 97
151 224 75
151 272 25
152 166 24
152 240 84
152 258 92
152 288 95
153 181 23
153 212 80
153 227 25
153 233 14
154 226 22
154 241 68
155 224 37
155 274 81
156 171 49
156 207 63
156 227 77
158 232 40
158 239 39
159 283 85
159 297 78
160 165 76
161 171 100
161 263 27
162 176 95
162 208 66
162 239 65
162 279 32
163 187 97
163 251 12
163 269 10
164 181 10
164 261 75
164 284 14
165 201 6
165 202 62
165 211 16
166 197 94
166 233 44
166 267 58
167 184 30
167 205 70
167 240 3
168 187 54
170 177 4
170 179 5
170 189 22
170 201 91
170 268 94
170 270 16
171 229 98
171 248 98
171 295 85
172 201 40
172 226 82
172 239 93
173 182 19
173 293 71
174 258 45
174 262 1
174 270 36
175 177 12
175 262 63
176 236 92
176 240 80
176 249 17
176 295 35
177 204 1
177 209 60
177 210 70
177 223 52
178 253 77
179 263 37
180 244 39
180 275 41
181 197 37
181 211 51
181 243 13
181 273 29
183 203 48
183 214 33
183 248 78
183 276 84
184 290 17
185 255 7
185 298 13
187 201 6
187 210 62
187 242 98
188 235 67
188 271 45
188 276 50
189 218 89
189 219 36
189 262 68
189 271 53
189 278 73
189 284 62
190 283 53
191 221 50
191 257 32
191 265 68
192 210 2
192 257 99
193 225 37
193 228 16
194 197 42
194 219 17
194 288 32
195 299 75
196 199 47
197 249 39
198 237 7
200 228 38
201 206 30
201 287 36
202 228 76
202 251 99
203 239 36
204 255 77
204 288 13
204 289 95
205 237 73
205 269 80
206 225 35
206 235 39
206 254 92
206 278 86
206 291 23
206 299 67
207 273 24
208 224 49
208 240 89
208 247 63
208 281 84
209 239 73
209 274 50
210 219 35
210 291 47
211 250 19
212 259 89
212 295 3
213 228 69
213 278 93
214 225 83
214 227 85
214 244 5
214 276 80
215 227 83
215 245 37
215 279 30
216 247 19
216 280 48
218 251 50
218 260 45
218 280 66
219 258 62
219 267 58
219 292 15
219 296 3
220 288 9
221 265 11
225 257 31
227 240 71
227 297 31
229 235 98
229 286 39
229 287 82
230 295 2
231 277 44
233 262 42
234 247 53
234 249 35
234 284 24
235 265 73
235 294 5
236 274 54
238 259 49
238 271 32
238 275 21
239 271 59
240 259 19
240 278 97
243 255 79
243 257 83
246 287 22
246 290 74
247 265 98
248 262 75
249 285 99
251 260 12
251 286 100
252 264 7
252 273 77
252 286 60
253 275 84
253 276 8
253 279 56
255 281 2
255 287 67
256 286 84
257 261 89
257 262 83
257 284 12
258 281 55
259 282 52
259 284 46
260 277 26
261 276 82
263 277 90
263 283 98
266 274 25
267 274 53
267 295 4
268 287 43
269 284 22
271 279 62
272 276 85
273 280 28
274 298 73
279 281 92
279 298 62
283 291 56
289 297 55
292 294 5
295 296 95
